Running training vs. test patterns (ncc=0)

ans =

         0         0         0         0         0         0         0         0         0         0
         0         0         0         0         0         0         0         0         0         0
         0         0         0         0         0         0         0         0         0         0
         0         0         0         0         0         0         0         0         0         0
         0         0         0         0         0         0         0         0         0         0
         0         0         0         0         0         0         0         0         0         0
         0         0         0         0         0         0         0         0         0         0
         0         0         0         0         0         0         0         0         0         0
         0         0         0         0         0         0         0         0         0         0
    0.0162   -0.0033   -0.0020   -0.0024   -0.0076   -0.0033   -0.0020   -0.0057    0.0057    0.0017
   -0.0155   -0.0048    0.0508    0.0465    0.0303    0.0266   -0.0227   -0.0075    0.0032    0.0133
    0.0411   -0.0058    0.0055    0.0127   -0.0050   -0.0718    0.0443   -0.0071    0.0312    0.0258
   -0.0372   -0.0621    0.0668    0.0690    0.0550    0.1167   -0.0516    0.0894    0.0675   -0.0147
    0.1980    0.3055    0.1630    0.2577    0.1144    0.2697    0.2425    0.3655    0.3717    0.1756
   -0.2021   -0.6070    0.2687   -0.3104    0.0738   -0.0587   -0.3271    0.2423   -0.0861   -0.3165

[INTRA] Lesion:  68.8%; Non-lesion: 100.0%
[INTER] Lesion:  35.6%; Non-lesion:  45.0%


[lewis_elman; local]




[1835]: Err=4.36e-02; (99.6% bt ) maxdiff=(0.500);  eta( w=7.58e-03 )  sign-change=(14.2% / 0.0%)  cycles=(+ 6/-735 + 0/-61)
[1836]: Err=4.35e-02; (99.6% bt ) maxdiff=(0.500);  eta( w=7.58e-03 )  sign-change=(13.9% / 0.0%)  cycles=(+21/-719 + 0/-61)
[1837]: Err=4.35e-02; (99.6% bt ) maxdiff=(0.500);  eta( w=7.58e-03 )  sign-change=(11.8% / 0.0%)  cycles=(+33/-703 + 0/-61)
[1838]: Err=4.35e-02; (99.6% bt ) maxdiff=(0.500);  eta( w=7.58e-03 )  sign-change=( 8.2% / 0.0%)  cycles=(+12/-694 + 0/-61)
[1839]: Err=4.35e-02; (99.6% bt ) maxdiff=(0.500);  eta( w=7.58e-03 )  sign-change=(16.4% / 0.0%)  cycles=(+14/-639 + 0/-61)
[1840]: Err=4.34e-02; (100.0% bt ) maxdiff=(0.500);
	Hey!  Done early!
Running test patterns on lesioned vs non-lesioned network network

ans =

         0         0         0         0         0         0         0         0         0         0
         0         0         0         0         0         0         0         0         0         0
         0         0         0         0         0         0         0         0         0         0
   -0.0005    0.0025    0.0004    0.0010    0.0004    0.0000   -0.0001   -0.0003    0.0001   -0.0000
   -0.0006    0.0098    0.0020    0.0047    0.0019   -0.0003   -0.0000   -0.0008    0.0001   -0.0004
    0.0030    0.0244    0.0058    0.0118    0.0053   -0.0008   -0.0000   -0.0003    0.0010   -0.0020
    0.0161    0.0535    0.0128    0.0194    0.0111   -0.0014   -0.0006    0.0034    0.0044   -0.0051
    0.0461    0.1036    0.0239    0.0195    0.0194   -0.0016   -0.0004    0.0135    0.0126   -0.0085
    0.1023    0.1659    0.0386    0.0072    0.0312    0.0005    0.0065    0.0361    0.0310   -0.0069
    0.1927    0.2266    0.0556   -0.0044    0.0504    0.0078    0.0306    0.0778    0.0651    0.0097
    0.3183    0.2873    0.0747    0.0076    0.0809    0.0244    0.0826    0.1407    0.1180    0.0516
    0.4674    0.3598    0.0976    0.0530    0.1251    0.0560    0.1655    0.2198    0.1921    0.1250
    0.6180    0.4610    0.1269    0.1274    0.1841    0.1074    0.2733    0.3054    0.2886    0.2288
    0.7477    0.5973    0.1617    0.2247    0.2582    0.1791    0.3962    0.3898    0.4059    0.3492
    0.8460    0.7337    0.1974    0.3291    0.3447    0.2662    0.5239    0.4670    0.5357    0.4673
    0.9040    0.8569    0.2258    0.4309    0.4353    0.3606    0.6469    0.5327    0.6617    0.5731
    0.9083    0.9693    0.2412    0.5312    0.5186    0.4552    0.7576    0.5854    0.7698    0.6632
    0.8680    1.0598    0.2468    0.6237    0.5889    0.5445    0.8523    0.6258    0.8566    0.7373
    0.8120    1.1235    0.2501    0.7042    0.6458    0.6250    0.9300    0.6560    0.9250    0.7955
    0.7569    1.1544    0.2563    0.7692    0.6882    0.6958    0.9886    0.6783    0.9725    0.8341

[INTRA] Lesion:  56.2%; Non-lesion: 100.0%
[INTER] Lesion:  38.8%; Non-lesion: 100.0%

[lewis_elman_noac with timestep=?]
[note: it's relative delta-t / T that really matters, not T; # of updates per second



[2500]: Err=1.79e-01; (98.4% bt ) maxdiff=(0.549);  eta( w=1.07e-01 )  sign-change=(32.0% / 0.0%)  cycles=(+202/-1147 + 0/-81)
Running test patterns on lesioned vs non-lesioned network network

ans =

         0         0         0         0         0         0         0         0         0         0
         0         0         0         0         0         0         0         0         0         0
         0         0         0         0         0         0         0         0         0         0
   -0.0000   -0.0000    0.0000   -0.0000    0.0000   -0.0001    0.0016    0.0004   -0.0003   -0.0004
   -0.0000   -0.0000    0.0000    0.0000    0.0000    0.0034    0.0002    0.0058    0.0093   -0.0004
   -0.0000    0.0002    0.0002   -0.0002    0.0001    0.0296    0.0006    0.0047    0.0328    0.0028
    0.0065    0.0026    0.0045    0.0018    0.0059    0.0695    0.0233    0.0280    0.0799    0.0380
    0.0275    0.0085    0.0200    0.0099    0.0295    0.1145    0.0673    0.0740    0.1324    0.0838
    0.0450    0.0179    0.0496    0.0276    0.0677    0.1416    0.1268    0.1341    0.1793    0.1340
    0.0606    0.0479    0.0777    0.0524    0.1083    0.1686    0.1868    0.1902    0.2198    0.1627
    0.0724    0.0871    0.1053    0.0839    0.1438    0.1894    0.2441    0.2444    0.2589    0.1893
    0.0842    0.1285    0.1329    0.1167    0.1763    0.2104    0.3015    0.2989    0.2943    0.1980
    0.0981    0.1697    0.1599    0.1481    0.2102    0.2234    0.3567    0.3467    0.3321    0.2073
    0.1128    0.2100    0.1862    0.1734    0.2509    0.2399    0.4098    0.3875    0.3689    0.2116
    0.1295    0.2492    0.2116    0.1944    0.2911    0.2618    0.4609    0.4274    0.4047    0.2164
    0.1470    0.2871    0.2360    0.2151    0.3267    0.2830    0.5100    0.4660    0.4395    0.2220
    0.1644    0.3238    0.2596    0.2353    0.3559    0.3056    0.5573    0.4991    0.4732    0.2283
    0.1778    0.3593    0.2824    0.2498    0.3838    0.3293    0.5963    0.5360    0.5060    0.2351
    0.1928    0.3925    0.3043    0.2639    0.4118    0.3540    0.6336    0.5723    0.5377    0.2424
    0.2077    0.4149    0.3247    0.2758    0.4387    0.3766    0.6619    0.6042    0.5668    0.2455

[INTRA] Lesion:  59.4%; Non-lesion:  99.4%
[INTER] Lesion:  36.9%; Non-lesion:  97.5%
>> 



[lewis_elman_noac with timestep=?]

]

